0.0 0.0
0.017587939698492462 0.0
0.035175879396984924 0.0
0.052763819095477386 0.0
0.07035175879396985 0.0
0.0879396984924623 0.0
0.10552763819095477 0.0
0.12311557788944724 0.0
0.1407035175879397 0.0
0.15829145728643215 0.0
0.1758793969849246 0.0
0.1934673366834171 0.0
0.21105527638190955 0.0
0.228643216080402 0.0
0.24623115577889448 0.0
0.2638190954773869 0.0
0.2814070351758794 0.0
0.2989949748743719 0.0
0.3165829145728643 0.0
0.3341708542713568 0.0
0.3517587939698492 0.0
0.3693467336683417 0.0
0.3869346733668342 0.0
0.4045226130653266 0.0
0.4221105527638191 0.0
0.4396984924623116 0.0
0.457286432160804 0.0
0.4748743718592965 0.0
0.49246231155778897 0.0
0.5100502512562815 0.0
0.5276381909547738 0.0
0.5452261306532663 0.0
0.5628140703517588 0.0
0.5804020100502513 0.0
0.5979899497487438 0.0
0.6155778894472361 0.0
0.6331658291457286 0.0
0.6507537688442211 0.0
0.6683417085427136 0.0
0.6859296482412061 0.0
0.7035175879396984 0.0
0.7211055276381909 0.0
0.7386934673366834 0.0
0.7562814070351759 0.0
0.7738693467336684 0.0
0.7914572864321608 0.0
0.8090452261306532 0.0
0.8266331658291457 0.0
0.8442211055276382 0.0
0.8618090452261307 0.0
0.8793969849246231 0.0
0.8969849246231155 0.0
0.914572864321608 0.0
0.9321608040201005 0.0
0.949748743718593 0.0
0.9673366834170855 0.0
0.9849246231155779 0.0
1.0025125628140703 0.0
1.020100502512563 0.0
1.0376884422110553 0.0
1.0552763819095476 0.0
1.0728643216080402 0.0
1.0904522613065326 0.0
1.1080402010050252 0.0
1.1256281407035176 0.0
1.14321608040201 0.0
1.1608040201005025 0.0
1.178391959798995 0.0
1.1959798994974875 0.0
1.2135678391959799 0.0
1.2311557788944723 0.0
1.2487437185929648 0.0
1.2663316582914572 0.0
1.2839195979899498 0.0
1.3015075376884422 0.0
1.3190954773869346 0.0
1.3366834170854272 0.0
1.3542713567839195 0.0
1.3718592964824121 0.0
1.3894472361809045 0.0
1.4070351758793969 0.0
1.4246231155778895 0.0
1.4422110552763818 0.0
1.4597989949748744 0.0
1.4773869346733668 0.0
1.4949748743718594 0.0
1.5125628140703518 0.0
1.5301507537688441 0.0
1.5477386934673367 0.0
1.565326633165829 0.0
1.5829145728643217 0.0
1.600502512562814 0.0
1.6180904522613064 0.0
1.635678391959799 0.0
1.6532663316582914 0.0
1.670854271356784 0.0
1.6884422110552764 0.0
1.7060301507537687 0.0
1.7236180904522613 0.0
1.7412060301507537 0.0
1.7587939698492463 0.0
1.7763819095477387 0.0
1.793969849246231 0.0
1.8115577889447236 0.0
1.829145728643216 0.0
1.8467336683417086 0.0
1.864321608040201 0.0
1.8819095477386933 0.0
1.899497487437186 0.008980076484495392
1.9170854271356783 0.021848368865694745
1.934673366834171 0.034720087251983056
1.9522613065326633 0.04759517835376137
1.9698492462311559 0.06047358996036145
1.9874371859296482 0.07335527091340621
2.0050251256281406 0.08624017108094417
2.022613065326633 0.09912824133232645
2.040201005025126 0.11201943351380272
2.057788944723618 0.12491370042481087
2.0753768844221105 0.1378109957949465
2.092964824120603 0.1507112742615746
2.1105527638190953 0.16361449134807948
2.128140703517588 0.1765206034427238
2.1457286432160805 0.18942956777809572
2.1633165829145726 0.2023413424111311
2.180904522613065 0.21525588620368907
2.198492462311558 0.22817315880366484
2.2160804020100504 0.24109312062661825
2.2336683417085426 0.2540157328379129
2.251256281407035 0.2669409573353372
2.2688442211055277 0.27986875673220135
2.28643216080402 0.29279909434088847
2.3040201005025125 0.3057319341568556
2.321608040201005 0.3186672408430584
2.3391959798994977 0.3316049797147951
2.35678391959799 0.3445451167249587
2.3743718592964824 0.35748761844967536
2.391959798994975 0.37043245207432474
2.409547738693467 0.3833795853799318
2.4271356783919598 0.3963289867299098
2.4447236180904524 0.4092806250571579
2.4623115577889445 0.42223446985148794
2.479899497487437 0.43519049114738273
2.4974874371859297 0.4481486595120696
2.5150753768844223 0.46110894603389774
2.5326633165829144 0.4740713223110209
2.550251256281407 0.4870357604403619
2.5678391959798996 0.5000022330068656
2.5854271356783918 0.5129707130730168
2.6030150753768844 0.5259411741686328
2.620603015075377 0.5389135902809032
2.638190954773869 0.5518879358446833
2.6557788944723617 0.5648641857330388
2.6733668341708543 0.5778423152480094
2.690954773869347 0.5908223001116153
2.708542713567839 0.6038041164570807
2.7261306532663316 0.6167877408202758
2.7437185929648242 0.6297731501313635
2.7613065326633164 0.6427603217066569
2.778894472361809 0.655749233240674
2.7964824120603016 0.6687398627983807
2.8140703517587937 0.6817321888076258
2.8316582914572863 0.6947261900517581
2.849246231155779 0.7077218456624181
2.8668341708542715 0.7207191351125068
2.8844221105527637 0.7337180382093149
2.9020100502512562 0.7467185350878252
2.919597989949749 0.7597206062041622
2.937185929648241 0.772724232329205
2.9547738693467336 0.7857293945423485
2.972361809045226 0.798736074225407
2.9899497487437188 0.8117442530566628
3.007537688442211 0.8247539130050541
3.0251256281407035 0.8377650363244973
3.042713567839196 0.8507776055483358
3.0603015075376883 0.8637916034839233
3.077889447236181 0.8768070132073289
3.0954773869346734 0.8898238180581597
3.1130653266331656 0.9028420016345065
3.130653266331658 0.9158615477879994
3.148241206030151 0.9288824406189811
3.1658291457286434 0.9419046644717821
3.1834170854271355 0.9549282039301064
3.201005025125628 0.9679530438125221
3.2185929648241207 0.9809791691680441
3.236180904522613 0.9940065652718268
3.2537688442211055 1.0070352176209427
3.271356783919598 1.0200651119302586
3.28894472361809 1.0330962341284011
3.306532663316583 1.0461285703538126
3.3241206030150754 1.0591621069508887
3.341708542713568 1.0721968304662077
3.35929648241206 1.0852327276448324
3.3768844221105527 1.0982697854266998
3.3944723618090453 1.111307990943085
3.4120603015075375 1.1243473315131398
3.42964824120603 1.1373877946405098
3.4472361809045227 1.1504293680100193
3.4648241206030153 1.1634720394844296
3.4824120603015074 1.1765157971012643
3.5 1.189560629069704
